Results - ARR Data Hub
[STARTTXT]

Input Data Information
[INPUTDATA]
Latitude,-37.762000
Longitude,145.038000
[END_INPUTDATA]

River Region
[RIVREG]
Division,South East Coast (Victoria)
River Number,6
River Name,Yarra River
[RIVREG_META]
Time Accessed,09 August 2026 12:23AM
Version,2016_v1
[END_RIVREG]

ARF Parameters
[LONGARF]
Zone,Southern Temperate
a,0.158
b,0.276
c,0.372
d,0.315
e,0.000141
f,0.41
g,0.15
h,0.01
i,-0.0027
[LONGARF_META]
Time Accessed,09 August 2026 12:23AM
Version,2016_v1
[END_LONGARF]

Storm Losses
[LOSSES]
ID,6491.0
Storm Initial Losses (mm),12.0
Storm Continuing Losses (mm/h),1.9
[LOSSES_META]
Time Accessed,09 August 2026 12:23AM
Version,2016_v1
[END_LOSSES]

Temporal Patterns
[TP]
code,SSmainland
Label,Southern Slopes (Vic/NSW)
[TP_META]
Time Accessed,09 August 2026 12:23AM
Version,2016_v2
[END_TP]

Areal Temporal Patterns
[ATP]
code,SSmainland
arealabel,Southern Slopes (Vic/NSW)
[ATP_META]
Time Accessed,09 August 2026 12:23AM
Version,2016_v2
[END_ATP]

Median Preburst Depths and Ratios
[PREBURST]
min (h)\AEP(%),50,20,10,5,2,1
60 (1.0),3.5 (0.203),2.9 (0.122),2.5 (0.086),2.1 (0.061),1.5 (0.035),1.0 (0.021)
90 (1.5),3.7 (0.189),3.0 (0.111),2.5 (0.076),2.0 (0.051),1.4 (0.030),1.0 (0.018)
120 (2.0),2.4 (0.110),2.6 (0.088),2.7 (0.077),2.8 (0.067),1.9 (0.037),1.2 (0.021)
180 (3.0),2.7 (0.108),2.7 (0.082),2.7 (0.069),2.7 (0.059),5.5 (0.096),7.5 (0.114)
360 (6.0),1.1 (0.034),1.7 (0.042),2.2 (0.044),2.6 (0.045),4.6 (0.065),6.0 (0.074)
720 (12.0),0.3 (0.008),0.8 (0.016),1.2 (0.019),1.5 (0.021),5.1 (0.058),7.9 (0.077)
1080 (18.0),0.0 (0.000),0.3 (0.005),0.5 (0.007),0.7 (0.009),2.2 (0.021),3.2 (0.027)
1440 (24.0),0.0 (0.000),0.1 (0.002),0.2 (0.003),0.3 (0.003),0.5 (0.004),0.6 (0.005)
2160 (36.0),0.0 (0.000),0.0 (0.000),0.0 (0.000),0.0 (0.000),0.0 (0.000),0.1 (0.000)
2880 (48.0),0.0 (0.000),0.0 (0.000),0.0 (0.000),0.0 (0.000),0.0 (0.000),0.0 (0.000)
4320 (72.0),0.0 (0.000),0.0 (0.000),0.0 (0.000),0.0 (0.000),0.0 (0.000),0.0 (0.000)
[PREBURST_META]
Time Accessed,09 August 2026 12:23AM
Version,2018_v1
Note,Preburst interpolation methods for catchment wide preburst has been slightly altered. Point values remain unchanged.
[END_PREBURST]From preburst class

10% Preburst Depths
[PREBURST10]
min (h)\AEP(%),50,20,10,5,2,1
60 (1.0),0.0 (0.000),0.0 (0.000),0.0 (0.000),0.0 (0.000),0.0 (0.000),0.0 (0.000)
90 (1.5),0.0 (0.000),0.0 (0.000),0.0 (0.000),0.0 (0.000),0.0 (0.000),0.0 (0.000)
120 (2.0),0.0 (0.000),0.0 (0.000),0.0 (0.000),0.0 (0.000),0.0 (0.000),0.0 (0.000)
180 (3.0),0.0 (0.000),0.0 (0.000),0.0 (0.000),0.0 (0.000),0.0 (0.000),0.0 (0.000)
360 (6.0),0.0 (0.000),0.0 (0.000),0.0 (0.000),0.0 (0.000),0.0 (0.000),0.0 (0.000)
720 (12.0),0.0 (0.000),0.0 (0.000),0.0 (0.000),0.0 (0.000),0.0 (0.000),0.0 (0.000)
1080 (18.0),0.0 (0.000),0.0 (0.000),0.0 (0.000),0.0 (0.000),0.0 (0.000),0.0 (0.000)
1440 (24.0),0.0 (0.000),0.0 (0.000),0.0 (0.000),0.0 (0.000),0.0 (0.000),0.0 (0.000)
2160 (36.0),0.0 (0.000),0.0 (0.000),0.0 (0.000),0.0 (0.000),0.0 (0.000),0.0 (0.000)
2880 (48.0),0.0 (0.000),0.0 (0.000),0.0 (0.000),0.0 (0.000),0.0 (0.000),0.0 (0.000)
4320 (72.0),0.0 (0.000),0.0 (0.000),0.0 (0.000),0.0 (0.000),0.0 (0.000),0.0 (0.000)
[PREBURST10_META]
Time Accessed,09 August 2026 12:23AM
Version,2018_v1
Note,Preburst interpolation methods for catchment wide preburst has been slightly altered. Point values remain unchanged.
[END_PREBURST10]From preburst class

25% Preburst Depths
[PREBURST25]
min (h)\AEP(%),50,20,10,5,2,1
60 (1.0),0.1 (0.007),0.1 (0.003),0.0 (0.001),0.0 (0.000),0.0 (0.000),0.0 (0.000)
90 (1.5),0.4 (0.020),0.2 (0.008),0.1 (0.003),0.0 (0.000),0.0 (0.000),0.0 (0.000)
120 (2.0),0.0 (0.000),0.0 (0.001),0.0 (0.001),0.1 (0.001),0.0 (0.000),0.0 (0.000)
180 (3.0),0.1 (0.003),0.0 (0.001),0.0 (0.001),0.0 (0.000),0.0 (0.000),0.0 (0.000)
360 (6.0),0.0 (0.000),0.0 (0.000),0.0 (0.000),0.0 (0.000),0.1 (0.001),0.1 (0.002)
720 (12.0),0.0 (0.000),0.0 (0.000),0.0 (0.000),0.0 (0.000),0.0 (0.000),0.0 (0.000)
1080 (18.0),0.0 (0.000),0.0 (0.000),0.0 (0.000),0.0 (0.000),0.0 (0.000),0.0 (0.000)
1440 (24.0),0.0 (0.000),0.0 (0.000),0.0 (0.000),0.0 (0.000),0.0 (0.000),0.0 (0.000)
2160 (36.0),0.0 (0.000),0.0 (0.000),0.0 (0.000),0.0 (0.000),0.0 (0.000),0.0 (0.000)
2880 (48.0),0.0 (0.000),0.0 (0.000),0.0 (0.000),0.0 (0.000),0.0 (0.000),0.0 (0.000)
4320 (72.0),0.0 (0.000),0.0 (0.000),0.0 (0.000),0.0 (0.000),0.0 (0.000),0.0 (0.000)
[PREBURST25_META]
Time Accessed,09 August 2026 12:23AM
Version,2018_v1
Note,Preburst interpolation methods for catchment wide preburst has been slightly altered. Point values remain unchanged.
[END_PREBURST25]From preburst class

75% Preburst Depths
[PREBURST75]
min (h)\AEP(%),50,20,10,5,2,1
60 (1.0),10.5 (0.609),12.3 (0.522),13.5 (0.472),14.6 (0.428),11.4 (0.267),9.0 (0.180)
90 (1.5),13.1 (0.666),13.6 (0.509),13.9 (0.431),14.1 (0.370),14.6 (0.308),15.0 (0.270)
120 (2.0),9.8 (0.454),13.0 (0.447),15.1 (0.432),17.1 (0.413),15.4 (0.302),14.2 (0.239)
180 (3.0),9.8 (0.396),11.8 (0.357),13.1 (0.332),14.3 (0.309),19.4 (0.341),23.2 (0.351)
360 (6.0),8.5 (0.269),12.7 (0.305),15.5 (0.313),18.1 (0.314),20.0 (0.284),21.4 (0.264)
720 (12.0),6.0 (0.150),9.7 (0.180),12.0 (0.190),14.3 (0.194),20.3 (0.228),24.8 (0.243)
1080 (18.0),2.8 (0.060),6.1 (0.097),8.2 (0.111),10.3 (0.120),14.5 (0.140),17.7 (0.149)
1440 (24.0),2.8 (0.054),4.5 (0.065),5.7 (0.069),6.8 (0.071),10.2 (0.088),12.7 (0.097)
2160 (36.0),0.5 (0.008),1.5 (0.018),2.1 (0.022),2.8 (0.025),6.8 (0.051),9.9 (0.066)
2880 (48.0),0.0 (0.000),0.5 (0.006),0.8 (0.008),1.1 (0.009),2.3 (0.016),3.2 (0.020)
4320 (72.0),0.0 (0.000),0.0 (0.000),0.0 (0.000),0.0 (0.000),0.5 (0.003),0.9 (0.005)
[PREBURST75_META]
Time Accessed,09 August 2026 12:23AM
Version,2018_v1
Note,Preburst interpolation methods for catchment wide preburst has been slightly altered. Point values remain unchanged.
[END_PREBURST75]From preburst class

90% Preburst Depths
[PREBURST90]
min (h)\AEP(%),50,20,10,5,2,1
60 (1.0),21.6 (1.259),25.9 (1.101),28.7 (1.006),31.4 (0.920),28.7 (0.673),26.7 (0.532)
90 (1.5),24.3 (1.232),25.1 (0.941),25.6 (0.797),26.1 (0.683),27.6 (0.582),28.7 (0.518)
120 (2.0),27.4 (1.264),30.1 (1.035),31.9 (0.913),33.6 (0.812),39.9 (0.780),44.6 (0.749)
180 (3.0),24.4 (0.979),28.5 (0.861),31.2 (0.790),33.8 (0.727),43.5 (0.763),50.7 (0.767)
360 (6.0),27.8 (0.881),30.3 (0.727),31.9 (0.645),33.5 (0.579),45.2 (0.644),54.0 (0.668)
720 (12.0),22.1 (0.550),26.8 (0.501),29.9 (0.471),32.9 (0.445),40.0 (0.448),45.4 (0.444)
1080 (18.0),16.0 (0.347),18.9 (0.304),20.8 (0.281),22.6 (0.263),28.0 (0.270),32.0 (0.270)
1440 (24.0),15.3 (0.303),21.5 (0.312),25.6 (0.312),29.6 (0.309),29.9 (0.259),30.1 (0.230)
2160 (36.0),8.8 (0.154),11.7 (0.147),13.6 (0.143),15.4 (0.139),25.1 (0.189),32.3 (0.215)
2880 (48.0),1.8 (0.029),5.0 (0.058),7.1 (0.069),9.2 (0.075),11.8 (0.081),13.8 (0.084)
4320 (72.0),0.9 (0.013),2.1 (0.022),3.0 (0.026),3.7 (0.028),15.6 (0.097),24.5 (0.135)
[PREBURST90_META]
Time Accessed,09 August 2026 12:23AM
Version,2018_v1
Note,Preburst interpolation methods for catchment wide preburst has been slightly altered. Point values remain unchanged.
[END_PREBURST90]From preburst class

Climate Change Factors
[CCF]
[SSP1-2.6]
,<1 hour,1.5 Hours,2 Hours,3 Hours,4.5 Hours,6 Hours,9 Hours,12 Hours,18 Hours,>24 Hours
2030,1.18,1.17,1.16,1.14,1.13,1.12,1.12,1.11,1.1,1.1
2040,1.21,1.19,1.17,1.16,1.15,1.14,1.13,1.12,1.11,1.11
2050,1.22,1.2,1.18,1.17,1.15,1.15,1.14,1.13,1.12,1.11
2060,1.23,1.21,1.2,1.18,1.17,1.16,1.15,1.14,1.13,1.12
2070,1.24,1.22,1.2,1.18,1.17,1.16,1.15,1.14,1.13,1.12
2080,1.23,1.21,1.2,1.18,1.17,1.16,1.15,1.14,1.13,1.12
2090,1.23,1.21,1.2,1.18,1.17,1.16,1.15,1.14,1.13,1.12
2100,1.22,1.2,1.19,1.17,1.16,1.15,1.14,1.13,1.12,1.12
[END_SSP1-2.6]
[SSP2-4.5]
,<1 hour,1.5 Hours,2 Hours,3 Hours,4.5 Hours,6 Hours,9 Hours,12 Hours,18 Hours,>24 Hours
2030,1.18,1.17,1.16,1.14,1.13,1.12,1.12,1.11,1.1,1.1
2040,1.22,1.2,1.19,1.17,1.16,1.15,1.14,1.13,1.12,1.12
2050,1.27,1.24,1.23,1.21,1.19,1.18,1.17,1.16,1.15,1.14
2060,1.3,1.27,1.25,1.23,1.21,1.2,1.19,1.18,1.16,1.16
2070,1.33,1.3,1.28,1.26,1.24,1.22,1.21,1.19,1.18,1.17
2080,1.37,1.33,1.31,1.28,1.26,1.24,1.22,1.21,1.2,1.19
2090,1.4,1.36,1.34,1.31,1.28,1.26,1.24,1.23,1.21,1.2
2100,1.41,1.37,1.35,1.32,1.29,1.27,1.25,1.24,1.22,1.21
[END_SSP2-4.5]
[SSP3-7.0]
,<1 hour,1.5 Hours,2 Hours,3 Hours,4.5 Hours,6 Hours,9 Hours,12 Hours,18 Hours,>24 Hours
2030,1.18,1.17,1.16,1.14,1.13,1.12,1.12,1.11,1.1,1.1
2040,1.23,1.21,1.2,1.18,1.17,1.16,1.15,1.14,1.13,1.12
2050,1.29,1.26,1.24,1.22,1.2,1.19,1.18,1.17,1.16,1.15
2060,1.35,1.32,1.3,1.27,1.25,1.23,1.22,1.2,1.19,1.18
2070,1.42,1.38,1.35,1.32,1.29,1.28,1.26,1.24,1.22,1.21
2080,1.5,1.45,1.42,1.38,1.35,1.33,1.3,1.28,1.26,1.25
2090,1.59,1.53,1.49,1.44,1.4,1.38,1.35,1.33,1.3,1.29
2100,1.66,1.59,1.55,1.5,1.45,1.42,1.39,1.37,1.34,1.32
[END_SSP3-7.0]
[SSP5-8.5]
,<1 hour,1.5 Hours,2 Hours,3 Hours,4.5 Hours,6 Hours,9 Hours,12 Hours,18 Hours,>24 Hours
2030,1.2,1.18,1.17,1.16,1.14,1.13,1.13,1.12,1.11,1.11
2040,1.26,1.24,1.22,1.2,1.18,1.17,1.16,1.15,1.14,1.14
2050,1.34,1.31,1.29,1.26,1.24,1.23,1.21,1.2,1.18,1.18
2060,1.42,1.38,1.35,1.32,1.29,1.28,1.26,1.24,1.22,1.21
2070,1.52,1.47,1.43,1.4,1.36,1.34,1.31,1.29,1.27,1.26
2080,1.63,1.57,1.52,1.48,1.43,1.4,1.37,1.35,1.33,1.31
2090,1.77,1.69,1.64,1.58,1.52,1.49,1.45,1.42,1.39,1.37
2100,1.86,1.77,1.71,1.64,1.58,1.54,1.5,1.47,1.43,1.41
[END_SSP5-8.5]
[Climate_Change_INITIAL_LOSS]
,Losses SSP1-2.6,Losses SSP2-4.5,Losses SSP3-7.0,Losses SSP5-8.5
2030,1.05,1.05,1.05,1.05
2040,1.05,1.06,1.06,1.07
2050,1.06,1.07,1.07,1.08
2060,1.06,1.07,1.09,1.1
2070,1.06,1.08,1.1,1.12
2080,1.06,1.09,1.12,1.14
2090,1.06,1.09,1.13,1.17
2100,1.06,1.1,1.15,1.19
[END_Climate_Change_INITIAL_LOSS]
[Climate_Change_CONTINUING_LOSS]
,Losses SSP1-2.6,Losses SSP2-4.5,Losses SSP3-7.0,Losses SSP5-8.5
2030,1.1,1.1,1.1,1.11
2040,1.12,1.12,1.13,1.14
2050,1.12,1.15,1.16,1.18
2060,1.13,1.17,1.19,1.23
2070,1.13,1.18,1.23,1.28
2080,1.13,1.2,1.27,1.33
2090,1.13,1.21,1.31,1.39
2100,1.12,1.22,1.34,1.44
[END_Climate_Change_CONTINUING_LOSS]
[TEMPERATURE_CHANGES]
,SSP1-2.6,SSP2-4.5,SSP3-7.0,SSP5-8.5
2030,1.2,1.2,1.2,1.3
2040,1.3,1.4,1.5,1.6
2050,1.4,1.7,1.8,2.1
2060,1.5,1.9,2.2,2.5
2070,1.5,2.1,2.5,3.0
2080,1.5,2.2,2.9,3.5
2090,1.5,2.4,3.3,4.1
2100,1.4,2.5,3.6,4.5
[END_TEMPERATURE_CHANGES]

[CCF_META]
Time Accessed,09 August 2026 12:23AM
Version,2024_v1
Note,Updated climate change factors for IFD Initial loss and continuing loss based on IPCC AR6 temperature increases from the updated Climate Change Considerations (Book 1: Chapter 6) in ARR (Version 4.2). ARR recomends the use of Current and near-term (2030 midpoint). Medium-term (2050 midpoint) and Long-term (2090 midpoint)
[END_CCF]



[ENDTXT]