E:\Library\Automation\ryan-tools\tests\test_data\RORB
 3

E:\Library\Automation\ryan-tools\tests\test_data\RORB\Fig6_7.catg
E:\Library\Automation\ryan-tools\tests\test_data\RORB\48hr-areal-example\Fig6_7_ aep1_du168hourtp10.stm



 3
T
 3
 3
 1
   7  14  24  29   1 300   0      0.00
ARR2016  EnsARR16  
    T    F
C:\PROGRAM FILES\RORBWIN\SampleData\IFD_Aust.map

E:\Library\Automation\ryan-tools\tests\test_data\RORB\48hr-areal-example
   1  11   1   1  11  12  12   5   1   4   2   2   1   1 100
    10.000     0.800
    12.000     1.900
    12.000     1.900
    12.000     1.900
    12.000     1.900
     0.000     0.800
    12.000     1.900
    12.000     1.900
    12.000     1.900
    12.000     1.900
     0.000     0.800
    12.000     1.900
    12.000     1.900
    12.000     1.900
    12.000     1.900
     0.000     0.800
    12.000     1.900
    12.000     1.900
    12.000     1.900
    12.000     1.900
     0.000     0.800
    12.000     1.900
    12.000     1.900
    12.000     1.900
    12.000     1.900
     0.000     0.800
    12.000     1.900
    12.000     1.900
    12.000     1.900
    12.000     1.900
     0.000     0.800
    12.000     1.900
    12.000     1.900
    12.000     1.900
    12.000     1.900
     0.000     0.800
    12.000     1.900
    12.000     1.900
    12.000     1.900
    12.000     1.900
     0.000     0.800
    12.000     1.900
    12.000     1.900
    12.000     1.900
    12.000     1.900
     0.000     0.800
    12.000     1.900
    12.000     1.900
    12.000     1.900
    12.000     1.900
     0.000     0.800
    12.000     1.900
    12.000     1.900
    12.000     1.900
    12.000     1.900
     0.000     0.800
    12.000     1.900
    12.000     1.900
    12.000     1.900
    12.000     1.900
     0.000     0.800
    12.000     1.900
    12.000     1.900
    12.000     1.900
    12.000     1.900
     0.000     0.800
    12.000     1.900
    12.000     1.900
    12.000     1.900
    12.000     1.900
     0.000     0.800
    12.000     1.900
    12.000     1.900
    12.000     1.900
    12.000     1.900
     0.000     0.800
    12.000     1.900
    12.000     1.900
    12.000     1.900
    12.000     1.900
     0.000     0.800
    12.000     1.900
    12.000     1.900
    12.000     1.900
    12.000     1.900
     0.000     0.800
    12.000     1.900
    12.000     1.900
    12.000     1.900
    12.000     1.900
     0.000     0.800
    12.000     1.900
    12.000     1.900
    12.000     1.900
    12.000     1.900
     0.000     0.800
    12.000     1.900
    12.000     1.900
    12.000     1.900
    12.000     1.900
     0.000     0.800
    12.000     1.900
    12.000     1.900
    12.000     1.900
    12.000     1.900
     0.000     0.800
    12.000     1.900
    12.000     1.900
    12.000     1.900
    12.000     1.900
     0.000     0.800
    12.000     1.900
    12.000     1.900
    12.000     1.900
    12.000     1.900
     0.000     0.800
    12.000     1.900
    12.000     1.900
    12.000     1.900
    12.000     1.900
     0.000     0.800
    12.000     1.900
    12.000     1.900
    12.000     1.900
    12.000     1.900
     0.000     0.800
    12.000     1.900
    12.000     1.900
    12.000     1.900
    12.000     1.900
     0.000     0.800
    12.000     1.900
    12.000     1.900
    12.000     1.900
    12.000     1.900
     0.000     0.800
    12.000     1.900
    12.000     1.900
    12.000     1.900
    12.000     1.900
     0.000     0.800
    12.000     1.900
    12.000     1.900
    12.000     1.900
    12.000     1.900
     0.000     0.800
    12.000     1.900
    12.000     1.900
    12.000     1.900
    12.000     1.900
     0.000     0.800
    12.000     1.900
    12.000     1.900
    12.000     1.900
    12.000     1.900
     0.000     0.800
    12.000     1.900
    12.000     1.900
    12.000     1.900
    12.000     1.900
     0.000     0.800
    12.000     1.900
    12.000     1.900
    12.000     1.900
    12.000     1.900
     0.000     0.800
    12.000     1.900
    12.000     1.900
    12.000     1.900
    12.000     1.900
     0.000     0.800
    12.000     1.900
    12.000     1.900
    12.000     1.900
    12.000     1.900
     0.000     0.800
    12.000     1.900
    12.000     1.900
    12.000     1.900
    12.000     1.900
     0.000     0.800
    12.000     1.900
    12.000     1.900
    12.000     1.900
    12.000     1.900
     0.000     0.800
    12.000     1.900
    12.000     1.900
    12.000     1.900
    12.000     1.900
     0.000     0.800
    12.000     1.900
    12.000     1.900
    12.000     1.900
    12.000     1.900
     0.000     0.800
    12.000     1.900
    12.000     1.900
    12.000     1.900
    12.000     1.900
     0.000     0.800
    12.000     1.900
    12.000     1.900
    12.000     1.900
    12.000     1.900
     0.000     0.800
    12.000     1.900
    12.000     1.900
    12.000     1.900
    12.000     1.900
     0.000     0.800
    12.000     1.900
    12.000     1.900
    12.000     1.900
    12.000     1.900
     0.000     0.800
    12.000     1.900
    12.000     1.900
    12.000     1.900
    12.000     1.900
     0.000     0.800
    12.000     1.900
    12.000     1.900
    12.000     1.900
    12.000     1.900
     0.000     0.800
    12.000     1.900
    12.000     1.900
    12.000     1.900
    12.000     1.900
     0.000     0.800
    12.000     1.900
    12.000     1.900
    12.000     1.900
    12.000     1.900
     0.000     0.800
    12.000     1.900
    12.000     1.900
    12.000     1.900
    12.000     1.900
     0.000     0.800
    12.000     1.900
    12.000     1.900
    12.000     1.900
    12.000     1.900
     0.000     0.800
    12.000     1.900
    12.000     1.900
    12.000     1.900
    12.000     1.900
     0.000     0.800
    12.000     1.900
    12.000     1.900
    12.000     1.900
    12.000     1.900
     0.000     0.800
    12.000     1.900
    12.000     1.900
    12.000     1.900
    12.000     1.900
     0.000     0.800
    12.000     1.900
    12.000     1.900
    12.000     1.900
    12.000     1.900
     0.000     0.800
    12.000     1.900
    12.000     1.900
    12.000     1.900
    12.000     1.900
     0.000     0.800
    12.000     1.900
    12.000     1.900
    12.000     1.900
    12.000     1.900
     0.000     0.800
    12.000     1.900
    12.000     1.900
    12.000     1.900
    12.000     1.900
     0.000     0.800
    12.000     1.900
    12.000     1.900
    12.000     1.900
    12.000     1.900
     0.000     0.800
    12.000     1.900
    12.000     1.900
    12.000     1.900
    12.000     1.900
     0.000     0.800
    12.000     1.900
    12.000     1.900
    12.000     1.900
    12.000     1.900
     0.000     0.800
    12.000     1.900
    12.000     1.900
    12.000     1.900
    12.000     1.900
     0.000     0.800
    12.000     1.900
    12.000     1.900
    12.000     1.900
    12.000     1.900
     0.000     0.800
    12.000     1.900
    12.000     1.900
    12.000     1.900
    12.000     1.900
     0.000     0.800
    12.000     1.900
    12.000     1.900
    12.000     1.900
    12.000     1.900
     0.000     0.800
    12.000     1.900
    12.000     1.900
    12.000     1.900
    12.000     1.900
     0.000     0.800
    12.000     1.900
    12.000     1.900
    12.000     1.900
    12.000     1.900
     0.000     0.800
    12.000     1.900
    12.000     1.900
    12.000     1.900
    12.000     1.900
     0.000     0.800
    12.000     1.900
    12.000     1.900
    12.000     1.900
    12.000     1.900
     0.000     0.800
    12.000     1.900
    12.000     1.900
    12.000     1.900
    12.000     1.900
     0.000     0.800
    12.000     1.900
    12.000     1.900
    12.000     1.900
    12.000     1.900
     0.000     0.800
    12.000     1.900
    12.000     1.900
    12.000     1.900
    12.000     1.900
     0.000     0.800
    12.000     1.900
    12.000     1.900
    12.000     1.900
    12.000     1.900
     0.000     0.800
    12.000     1.900
    12.000     1.900
    12.000     1.900
    12.000     1.900
     0.000     0.800
    12.000     1.900
    12.000     1.900
    12.000     1.900
    12.000     1.900
     0.000     0.800
    12.000     1.900
    12.000     1.900
    12.000     1.900
    12.000     1.900
     0.000     0.800
    12.000     1.900
    12.000     1.900
    12.000     1.900
    12.000     1.900
     0.000     0.800
    12.000     1.900
    12.000     1.900
    12.000     1.900
    12.000     1.900
     0.000     0.800
    12.000     1.900
    12.000     1.900
    12.000     1.900
    12.000     1.900
     0.000     0.800
    12.000     1.900
    12.000     1.900
    12.000     1.900
    12.000     1.900
     0.000     0.800
    12.000     1.900
    12.000     1.900
    12.000     1.900
    12.000     1.900
     0.000     0.800
    12.000     1.900
    12.000     1.900
    12.000     1.900
    12.000     1.900
     0.000     0.800
    12.000     1.900
    12.000     1.900
    12.000     1.900
    12.000     1.900
     0.000     0.800
    12.000     1.900
    12.000     1.900
    12.000     1.900
    12.000     1.900
     0.000     0.800
    12.000     1.900
    12.000     1.900
    12.000     1.900
    12.000     1.900
     0.000     0.800
    12.000     1.900
    12.000     1.900
    12.000     1.900
    12.000     1.900
     0.000     0.800
    12.000     1.900
    12.000     1.900
    12.000     1.900
    12.000     1.900
     0.000     0.800
    12.000     1.900
    12.000     1.900
    12.000     1.900
    12.000     1.900
     0.000     0.800
    12.000     1.900
    12.000     1.900
    12.000     1.900
    12.000     1.900
     0.000     0.800
    12.000     1.900
    12.000     1.900
    12.000     1.900
    12.000     1.900
     0.000     0.800
    12.000     1.900
    12.000     1.900
    12.000     1.900
    12.000     1.900
     0.000     0.800
    12.000     1.900
    12.000     1.900
    12.000     1.900
    12.000     1.900
     0.000     0.800
    12.000     1.900
    12.000     1.900
    12.000     1.900
    12.000     1.900
     0.000     0.800
    12.000     1.900
    12.000     1.900
    12.000     1.900
    12.000     1.900
     0.000     0.800
    12.000     1.900
    12.000     1.900
    12.000     1.900
    12.000     1.900
     0.000     0.800
    12.000     1.900
    12.000     1.900
    12.000     1.900
    12.000     1.900
     0.000     0.800
    12.000     1.900
    12.000     1.900
    12.000     1.900
    12.000     1.900
     0.000     0.800
    12.000     1.900
    12.000     1.900
    12.000     1.900
    12.000     1.900
     0.000     0.800
    12.000     1.900
    12.000     1.900
    12.000     1.900
    12.000     1.900
     0.000     0.800
    12.000     1.900
    12.000     1.900
    12.000     1.900
    12.000     1.900
     0.000     0.800
    12.000     1.900
    12.000     1.900
    12.000     1.900
    12.000     1.900
    1.00    1.00    1.00    1.00    1.00    1.00    1.00    1.00    1.00    1.00    1.00    1.00    1.00    1.00    1.00    1.00    1.00    1.00    1.00    1.00
    1.00    1.00    1.00    1.00    1.00    1.00    1.00    1.00    1.00    1.00    1.00    1.00    1.00    1.00    1.00    1.00    1.00    1.00    1.00    1.00
  0.4000  0.1400  0.7000 -0.4800  0.0002  0.4000  0.4100  0.3000
  0.1000  0.1400  0.8790  0.0290  0.2330  1.2550
   0   0   0   0
   1
0.0000E+000.0000E+000.0000E+000.0000E+00
0.0000E+000.0000E+000.0000E+00
0.0000E+000.0000E+00
0.0000E+000.0000E+00
  50  20  10  3.1900  2.2600  1.7100  1.4000  1.2000  1.0000  0.8500  0.6800  0.5300  0.3900  0.1400
T     5
  100.00  100.00  100.00  100.00  100.00
    1.00    1.00    1.00    1.00    1.00    1.00    1.00    1.00    1.00    1.00    1.00    1.00    1.00    1.00    1.00    1.00    1.00    1.00    1.00    1.00    1.00    1.00    1.00    1.00    1.00    1.00    1.00    1.00    1.00    1.00
ARR2016
E:\Library\Automation\ryan-tools\tests\test_data\RORB\depths_melbourne_all_design.csv
E:\Library\Automation\ryan-tools\tests\test_data\RORB\5f640b63-e6a6-4d53-945d-ca7c5ca73ae4.txt                                                                                                                                                                                                              
   1   1
  0.1580  0.2760  0.3720  0.3150  0.0001  0.4100  0.1500  0.0100 -0.0027
E:\Library\Automation\ryan-tools\tests\test_data\RORB\Areal_SSmainland_Increments.csv
 STANDARDAREA  1
   1   1   1   1   1   1   1   1   1   1   1   1   1   1   1   1   1   1   1   1   1   1   1   1   1   1   1   1   1   1
1
 
 0 0 0 1 1 1 0 0 0 -999
 0
    0.00    0.00    0.00    0.00
  100.00  100.00  100.00  100.00  100.00
  100.00  100.00  100.00  100.00  100.00
  100.00  100.00  100.00  100.00  100.00
  100.00  100.00  100.00  100.00  100.00
  100.00  100.00  100.00  100.00  100.00
  100.00  100.00  100.00  100.00  100.00
  100.00  100.00  100.00  100.00  100.00
  100.00  100.00  100.00  100.00  100.00
  100.00  100.00  100.00  100.00  100.00
  100.00  100.00  100.00  100.00  100.00
  100.00  100.00  100.00  100.00  100.00
  100.00  100.00  100.00  100.00  100.00
  100.00  100.00  100.00  100.00  100.00
  100.00  100.00  100.00  100.00  100.00
  100.00  100.00  100.00  100.00  100.00
  100.00  100.00  100.00  100.00  100.00
  100.00  100.00  100.00  100.00  100.00
  100.00  100.00  100.00  100.00  100.00
  100.00  100.00  100.00  100.00  100.00
  100.00  100.00  100.00  100.00  100.00
  100.00  100.00  100.00  100.00  100.00
  100.00  100.00  100.00  100.00  100.00
  100.00  100.00  100.00  100.00  100.00
  100.00  100.00  100.00  100.00  100.00
  100.00  100.00  100.00  100.00  100.00
  100.00  100.00  100.00  100.00  100.00
  100.00  100.00  100.00  100.00  100.00
  100.00  100.00  100.00  100.00  100.00
  100.00  100.00  100.00  100.00  100.00
 -999.00 -999.00 -999.00 -999.00 -999.00 -999.00 -999.00 -999.00 -999.00 -999.00
 -999.00    0.25 -999.00    0.50    0.25 -999.00    1.00    1.00    3.00 -999.00
    3.00 -999.00    2.00    2.00    3.00    3.00    3.00    3.00    3.00 -999.00
 -999.00 -999.00 -999.00 -999.00 -999.00 -999.00 -999.00 -999.00 -999.00 -999.00
 -999.00 -999.00 -999.00 -999.00 -999.00 -999.00 -999.00 -999.00 -999.00 -999.00
 -999.00 -999.00 -999.00 -999.00 -999.00 -999.00 -999.00 -999.00 -999.00 -999.00
 -999.00 -999.00 -999.00 -999.00 -999.00 -999.00 -999.00 -999.00 -999.00 -999.00
 -999.00 -999.00 -999.00 -999.00 -999.00 -999.00 -999.00 -999.00 -999.00 -999.00
 -999.00 -999.00 -999.00 -999.00 -999.00 -999.00 -999.00 -999.00 -999.00 -999.00
 -999.00 -999.00 -999.00 -999.00 -999.00 -999.00 -999.00 -999.00 -999.00 -999.00
 -999.00 -999.00 -999.00 -999.00 -999.00 -999.00 -999.00 -999.00 -999.00 -999.00
 -999.00 -999.00 -999.00 -999.00 -999.00 -999.00 -999.00 -999.00 -999.00 -999.00
 -999.00 -999.00 -999.00 -999.00 -999.00 -999.00 -999.00 -999.00 -999.00 -999.00
 -999.00 -999.00 -999.00 -999.00 -999.00 -999.00 -999.00 -999.00 -999.00 -999.00
 -999.00 -999.00 -999.00 -999.00 -999.00 -999.00 -999.00 -999.00 -999.00 -999.00
 -999.00 -999.00 -999.00 -999.00 -999.00 -999.00 -999.00 -999.00 -999.00 -999.00
 -999.00 -999.00 -999.00 -999.00 -999.00 -999.00 -999.00 -999.00 -999.00 -999.00
 -999.00 -999.00 -999.00 -999.00 -999.00 -999.00 -999.00 -999.00 -999.00 -999.00
 -999.00 -999.00 -999.00 -999.00 -999.00 -999.00 -999.00 -999.00 -999.00 -999.00
 -999.00 -999.00 -999.00 -999.00 -999.00 -999.00 -999.00 -999.00 -999.00 -999.00
 -999.00 -999.00 -999.00 -999.00 -999.00 -999.00 -999.00 -999.00 -999.00 -999.00
 -999.00 -999.00 -999.00 -999.00 -999.00 -999.00 -999.00 -999.00 -999.00 -999.00
 -999.00 -999.00 -999.00 -999.00 -999.00 -999.00 -999.00 -999.00 -999.00 -999.00
 -999.00 -999.00 -999.00 -999.00 -999.00 -999.00 -999.00 -999.00 -999.00 -999.00
 -999.00 -999.00 -999.00 -999.00 -999.00 -999.00 -999.00 -999.00 -999.00 -999.00
 -999.00 -999.00 -999.00 -999.00 -999.00 -999.00 -999.00 -999.00 -999.00 -999.00
 -999.00 -999.00 -999.00 -999.00 -999.00 -999.00 -999.00 -999.00 -999.00 -999.00
 -999.00 -999.00 -999.00 -999.00 -999.00 -999.00 -999.00 -999.00 -999.00 -999.00
 -999.00 -999.00 -999.00 -999.00 -999.00 -999.00 -999.00 -999.00 -999.00 -999.00
 -999.00 -999.00 -999.00 -999.00 -999.00 -999.00 -999.00 -999.00 -999.00 -999.00
 -999.00 -999.00 -999.00 -999.00 -999.00 -999.00 -999.00 -999.00 -999.00 -999.00
 -999.00 -999.00 -999.00 -999.00 -999.00 -999.00 -999.00 -999.00 -999.00 -999.00
 -999.00 -999.00 -999.00 -999.00 -999.00 -999.00 -999.00 -999.00 -999.00 -999.00
 -999.00 -999.00 -999.00 -999.00 -999.00 -999.00 -999.00 -999.00 -999.00 -999.00
 -999.00 -999.00 -999.00 -999.00 -999.00 -999.00 -999.00 -999.00 -999.00 -999.00
 -999.00 -999.00 -999.00 -999.00 -999.00 -999.00 -999.00 -999.00 -999.00 -999.00
 -999.00 -999.00 -999.00 -999.00 -999.00 -999.00 -999.00 -999.00 -999.00 -999.00
 -999.00 -999.00 -999.00 -999.00 -999.00 -999.00 -999.00 -999.00 -999.00 -999.00
 -999.00 -999.00 -999.00 -999.00 -999.00 -999.00 -999.00 -999.00 -999.00 -999.00
 -999.00 -999.00 -999.00 -999.00 -999.00 -999.00 -999.00 -999.00 -999.00 -999.00
 -999.00 -999.00 -999.00 -999.00 -999.00 -999.00 -999.00 -999.00 -999.00 -999.00
 -999.00 -999.00 -999.00 -999.00 -999.00 -999.00 -999.00 -999.00 -999.00 -999.00
 -999.00 -999.00 -999.00 -999.00 -999.00 -999.00 -999.00 -999.00 -999.00 -999.00
 -999.00 -999.00 -999.00 -999.00 -999.00 -999.00 -999.00 -999.00 -999.00 -999.00
 -999.00 -999.00 -999.00 -999.00 -999.00 -999.00 -999.00 -999.00 -999.00 -999.00
 -999.00 -999.00 -999.00 -999.00 -999.00 -999.00 -999.00 -999.00 -999.00 -999.00
 -999.00 -999.00 -999.00 -999.00 -999.00 -999.00 -999.00 -999.00 -999.00 -999.00
 -999.00 -999.00 -999.00 -999.00 -999.00 -999.00 -999.00 -999.00 -999.00 -999.00
 -999.00 -999.00 -999.00 -999.00 -999.00 -999.00 -999.00 -999.00 -999.00 -999.00
 -999.00 -999.00 -999.00 -999.00 -999.00 -999.00 -999.00 -999.00 -999.00 -999.00
 -999.00 -999.00 -999.00 -999.00 -999.00 -999.00 -999.00 -999.00 -999.00 -999.00
 -999.00 -999.00 -999.00 -999.00 -999.00 -999.00 -999.00 -999.00 -999.00 -999.00
 -999.00 -999.00 -999.00 -999.00 -999.00 -999.00 -999.00 -999.00 -999.00 -999.00
 -999.00 -999.00 -999.00 -999.00 -999.00 -999.00 -999.00 -999.00 -999.00 -999.00
 -999.00 -999.00 -999.00 -999.00 -999.00 -999.00 -999.00 -999.00 -999.00 -999.00
 -999.00 -999.00 -999.00 -999.00 -999.00 -999.00 -999.00 -999.00 -999.00 -999.00
 -999.00 -999.00 -999.00 -999.00 -999.00 -999.00 -999.00 -999.00 -999.00 -999.00
 -999.00 -999.00 -999.00 -999.00 -999.00 -999.00 -999.00 -999.00 -999.00 -999.00
 -999.00 -999.00 -999.00 -999.00 -999.00 -999.00 -999.00 -999.00 -999.00 -999.00
 -999.00 -999.00 -999.00 -999.00 -999.00 -999.00 -999.00 -999.00 -999.00 -999.00
 -999.00 -999.00 -999.00 -999.00 -999.00 -999.00 -999.00 -999.00 -999.00 -999.00
 -999.00 -999.00 -999.00 -999.00 -999.00 -999.00 -999.00 -999.00 -999.00 -999.00
 -999.00 -999.00 -999.00 -999.00 -999.00 -999.00 -999.00 -999.00 -999.00 -999.00
 -999.00 -999.00 -999.00 -999.00 -999.00 -999.00 -999.00 -999.00 -999.00 -999.00
 -999.00 -999.00 -999.00 -999.00 -999.00 -999.00 -999.00 -999.00 -999.00 -999.00
 -999.00 -999.00 -999.00 -999.00 -999.00 -999.00 -999.00 -999.00 -999.00 -999.00
 -999.00 -999.00 -999.00 -999.00 -999.00 -999.00 -999.00 -999.00 -999.00 -999.00
 -999.00 -999.00 -999.00 -999.00 -999.00 -999.00 -999.00 -999.00 -999.00 -999.00
 -999.00 -999.00 -999.00 -999.00 -999.00 -999.00 -999.00 -999.00 -999.00 -999.00
    0.00    0.00    0.00    0.31    0.35    0.08    0.03    0.03    0.05    0.08
    0.27    0.67    1.21 -999.00 -999.00 -999.00 -999.00 -999.00 -999.00 -999.00
 -999.00 -999.00 -999.00 -999.00 -999.00 -999.00 -999.00 -999.00 -999.00 -999.00
 -999.00 -999.00 -999.00 -999.00 -999.00 -999.00 -999.00 -999.00 -999.00 -999.00
 -999.00 -999.00 -999.00 -999.00 -999.00 -999.00 -999.00 -999.00 -999.00 -999.00
 -999.00 -999.00 -999.00 -999.00 -999.00 -999.00 -999.00 -999.00 -999.00 -999.00
 -999.00 -999.00 -999.00 -999.00 -999.00 -999.00 -999.00 -999.00 -999.00 -999.00
 -999.00 -999.00 -999.00 -999.00 -999.00 -999.00 -999.00 -999.00 -999.00 -999.00
 -999.00 -999.00 -999.00 -999.00 -999.00 -999.00 -999.00 -999.00 -999.00 -999.00
 -999.00 -999.00 -999.00 -999.00 -999.00 -999.00 -999.00 -999.00 -999.00 -999.00
 -999.00 -999.00 -999.00 -999.00 -999.00 -999.00 -999.00 -999.00 -999.00 -999.00
 -999.00 -999.00 -999.00 -999.00 -999.00 -999.00 -999.00 -999.00 -999.00 -999.00
    0.00    0.00    0.00    0.00    0.00    0.00    0.21    0.03    0.42    0.11
    0.08    0.35    1.88 -999.00 -999.00 -999.00 -999.00 -999.00 -999.00 -999.00
 -999.00 -999.00 -999.00 -999.00 -999.00 -999.00 -999.00 -999.00 -999.00 -999.00
 -999.00 -999.00 -999.00 -999.00 -999.00 -999.00 -999.00 -999.00 -999.00 -999.00
 -999.00 -999.00 -999.00 -999.00 -999.00 -999.00 -999.00 -999.00 -999.00 -999.00
 -999.00 -999.00 -999.00 -999.00 -999.00 -999.00 -999.00 -999.00 -999.00 -999.00
    0.00    0.01    0.02    0.11    0.11    0.08    0.38    0.07    0.03    0.07
    0.21    0.60    1.42 -999.00 -999.00 -999.00 -999.00 -999.00 -999.00 -999.00
 -999.00 -999.00 -999.00 -999.00 -999.00 -999.00 -999.00 -999.00 -999.00 -999.00
 -999.00 -999.00 -999.00 -999.00 -999.00 -999.00 -999.00 -999.00 -999.00 -999.00
 -999.00 -999.00 -999.00 -999.00 -999.00 -999.00 -999.00 -999.00 -999.00 -999.00
 -999.00 -999.00 -999.00 -999.00 -999.00 -999.00 -999.00 -999.00 -999.00 -999.00
 -999.00 -999.00 -999.00 -999.00 -999.00 -999.00 -999.00 -999.00 -999.00 -999.00
 -999.00 -999.00 -999.00 -999.00 -999.00 -999.00 -999.00 -999.00 -999.00 -999.00
 -999.00 -999.00 -999.00 -999.00 -999.00 -999.00 -999.00 -999.00 -999.00 -999.00
 -999.00 -999.00 -999.00 -999.00 -999.00 -999.00 -999.00 -999.00 -999.00 -999.00
 -999.00 -999.00 -999.00 -999.00 -999.00 -999.00 -999.00 -999.00 -999.00 -999.00
 -999.00 -999.00 -999.00 -999.00 -999.00 -999.00 -999.00 -999.00 -999.00 -999.00
    0.00    0.00    0.00    0.00    0.00    0.00    0.00    0.00    0.00    0.22
    0.36    0.29    2.21 -999.00 -999.00 -999.00 -999.00 -999.00 -999.00 -999.00
 -999.00 -999.00 -999.00 -999.00 -999.00 -999.00 -999.00 -999.00 -999.00 -999.00
 -999.00 -999.00 -999.00 -999.00 -999.00 -999.00 -999.00 -999.00 -999.00 -999.00
 -999.00 -999.00 -999.00 -999.00 -999.00 -999.00 -999.00 -999.00 -999.00 -999.00
 -999.00 -999.00 -999.00 -999.00 -999.00 -999.00 -999.00 -999.00 -999.00 -999.00
    0.00    0.00    0.00    0.00    0.00    0.00    0.00    0.00    0.00    0.22
    0.36    0.29    2.21 -999.00 -999.00 -999.00 -999.00 -999.00 -999.00 -999.00
 -999.00 -999.00 -999.00 -999.00 -999.00 -999.00 -999.00 -999.00 -999.00 -999.00
 -999.00 -999.00 -999.00 -999.00 -999.00 -999.00 -999.00 -999.00 -999.00 -999.00
 -999.00 -999.00 -999.00 -999.00 -999.00 -999.00 -999.00 -999.00 -999.00 -999.00
 -999.00 -999.00 -999.00 -999.00 -999.00 -999.00 -999.00 -999.00 -999.00 -999.00
    0.00    0.00    0.00    0.00    0.00    2.08    1.73    0.91    3.78    1.00
    1.95    2.14    2.75 -999.00 -999.00 -999.00 -999.00 -999.00 -999.00 -999.00
 -999.00 -999.00 -999.00 -999.00 -999.00 -999.00 -999.00 -999.00 -999.00 -999.00
 -999.00 -999.00 -999.00 -999.00 -999.00 -999.00 -999.00 -999.00 -999.00 -999.00
 -999.00 -999.00 -999.00 -999.00 -999.00 -999.00 -999.00 -999.00 -999.00 -999.00
 -999.00 -999.00 -999.00 -999.00 -999.00 -999.00 -999.00 -999.00 -999.00 -999.00
 -999.00 -999.00 -999.00 -999.00 -999.00 -999.00 -999.00 -999.00 -999.00 -999.00
 -999.00 -999.00 -999.00 -999.00 -999.00 -999.00 -999.00 -999.00 -999.00 -999.00
 -999.00 -999.00 -999.00 -999.00 -999.00 -999.00 -999.00 -999.00 -999.00 -999.00
 -999.00 -999.00 -999.00 -999.00 -999.00 -999.00 -999.00 -999.00 -999.00 -999.00
 -999.00 -999.00 -999.00 -999.00 -999.00 -999.00 -999.00 -999.00 -999.00 -999.00
 -999.00 -999.00 -999.00 -999.00 -999.00 -999.00 -999.00 -999.00 -999.00 -999.00
    0.00    0.00    0.00    0.00    0.00    0.00    0.78    1.41    1.41    1.31
    2.71    0.98    1.85 -999.00 -999.00 -999.00 -999.00 -999.00 -999.00 -999.00
 -999.00 -999.00 -999.00 -999.00 -999.00 -999.00 -999.00 -999.00 -999.00 -999.00
 -999.00 -999.00 -999.00 -999.00 -999.00 -999.00 -999.00 -999.00 -999.00 -999.00
 -999.00 -999.00 -999.00 -999.00 -999.00 -999.00 -999.00 -999.00 -999.00 -999.00
 -999.00 -999.00 -999.00 -999.00 -999.00 -999.00 -999.00 -999.00 -999.00 -999.00
 -999.00 -999.00 -999.00 -999.00 -999.00 -999.00 -999.00 -999.00 -999.00 -999.00
 -999.00 -999.00 -999.00 -999.00 -999.00 -999.00 -999.00 -999.00 -999.00 -999.00
 -999.00 -999.00 -999.00 -999.00 -999.00 -999.00 -999.00 -999.00 -999.00 -999.00
 -999.00 -999.00 -999.00 -999.00 -999.00 -999.00 -999.00 -999.00 -999.00 -999.00
 -999.00 -999.00 -999.00 -999.00 -999.00 -999.00 -999.00 -999.00 -999.00 -999.00
 -999.00 -999.00 -999.00 -999.00 -999.00 -999.00 -999.00 -999.00 -999.00 -999.00
    0.00    0.00    0.00    0.00    0.31    0.59    0.86    0.20    0.32    0.44
    0.55    0.54    0.53 -999.00 -999.00 -999.00 -999.00 -999.00 -999.00 -999.00
 -999.00 -999.00 -999.00 -999.00 -999.00 -999.00 -999.00 -999.00 -999.00 -999.00
 -999.00 -999.00 -999.00 -999.00 -999.00 -999.00 -999.00 -999.00 -999.00 -999.00
 -999.00 -999.00 -999.00 -999.00 -999.00 -999.00 -999.00 -999.00 -999.00 -999.00
 -999.00 -999.00 -999.00 -999.00 -999.00 -999.00 -999.00 -999.00 -999.00 -999.00
    0.00    0.00    0.00    0.00    0.00    0.00    0.00    0.00    0.05    0.31
    0.48    0.82    0.72 -999.00 -999.00 -999.00 -999.00 -999.00 -999.00 -999.00
 -999.00 -999.00 -999.00 -999.00 -999.00 -999.00 -999.00 -999.00 -999.00 -999.00
 -999.00 -999.00 -999.00 -999.00 -999.00 -999.00 -999.00 -999.00 -999.00 -999.00
 -999.00 -999.00 -999.00 -999.00 -999.00 -999.00 -999.00 -999.00 -999.00 -999.00
 -999.00 -999.00 -999.00 -999.00 -999.00 -999.00 -999.00 -999.00 -999.00 -999.00
    0.00    0.00    0.00    0.00    0.00    0.00    0.00    0.00    0.00    0.00
    0.00    0.02    0.16 -999.00 -999.00 -999.00 -999.00 -999.00 -999.00 -999.00
 -999.00 -999.00 -999.00 -999.00 -999.00 -999.00 -999.00 -999.00 -999.00 -999.00
 -999.00 -999.00 -999.00 -999.00 -999.00 -999.00 -999.00 -999.00 -999.00 -999.00
 -999.00 -999.00 -999.00 -999.00 -999.00 -999.00 -999.00 -999.00 -999.00 -999.00
 -999.00 -999.00 -999.00 -999.00 -999.00 -999.00 -999.00 -999.00 -999.00 -999.00
    0.00    0.00    0.00    0.00    0.00    0.00    0.00    0.00    0.00    0.00
    0.00    0.00    0.00 -999.00 -999.00 -999.00 -999.00 -999.00 -999.00 -999.00
 -999.00 -999.00 -999.00 -999.00 -999.00 -999.00 -999.00 -999.00 -999.00 -999.00
 -999.00 -999.00 -999.00 -999.00 -999.00 -999.00 -999.00 -999.00 -999.00 -999.00
 -999.00 -999.00 -999.00 -999.00 -999.00 -999.00 -999.00 -999.00 -999.00 -999.00
 -999.00 -999.00 -999.00 -999.00 -999.00 -999.00 -999.00 -999.00 -999.00 -999.00
    0.00    0.00    0.00    0.00    0.00    0.00    0.00    0.00    0.00    0.00
    0.00    0.00    0.00 -999.00 -999.00 -999.00 -999.00 -999.00 -999.00 -999.00
 -999.00 -999.00 -999.00 -999.00 -999.00 -999.00 -999.00 -999.00 -999.00 -999.00
 -999.00 -999.00 -999.00 -999.00 -999.00 -999.00 -999.00 -999.00 -999.00 -999.00
 -999.00 -999.00 -999.00 -999.00 -999.00 -999.00 -999.00 -999.00 -999.00 -999.00
 -999.00 -999.00 -999.00 -999.00 -999.00 -999.00 -999.00 -999.00 -999.00 -999.00
    0.00    0.00    0.00    0.00    0.00    0.00    0.00    0.00    0.00    0.00
    0.00    0.00    0.00 -999.00 -999.00 -999.00 -999.00 -999.00 -999.00 -999.00
 -999.00 -999.00 -999.00 -999.00 -999.00 -999.00 -999.00 -999.00 -999.00 -999.00
 -999.00 -999.00 -999.00 -999.00 -999.00 -999.00 -999.00 -999.00 -999.00 -999.00
 -999.00 -999.00 -999.00 -999.00 -999.00 -999.00 -999.00 -999.00 -999.00 -999.00
 -999.00 -999.00 -999.00 -999.00 -999.00 -999.00 -999.00 -999.00 -999.00 -999.00
    0.00    0.00    0.00    0.00    0.00    0.00    0.00    0.00    0.00    0.00
    0.00    0.00    0.00 -999.00 -999.00 -999.00 -999.00 -999.00 -999.00 -999.00
 -999.00 -999.00 -999.00 -999.00 -999.00 -999.00 -999.00 -999.00 -999.00 -999.00
 -999.00 -999.00 -999.00 -999.00 -999.00 -999.00 -999.00 -999.00 -999.00 -999.00
 -999.00 -999.00 -999.00 -999.00 -999.00 -999.00 -999.00 -999.00 -999.00 -999.00
 -999.00 -999.00 -999.00 -999.00 -999.00 -999.00 -999.00 -999.00 -999.00 -999.00
 -999.00 -999.00 -999.00 -999.00 -999.00 -999.00 -999.00 -999.00 -999.00 -999.00
 -999.00 -999.00 -999.00 -999.00 -999.00 -999.00 -999.00 -999.00 -999.00 -999.00
 -999.00 -999.00 -999.00 -999.00 -999.00 -999.00 -999.00 -999.00 -999.00 -999.00
 -999.00 -999.00 -999.00 -999.00 -999.00 -999.00 -999.00 -999.00 -999.00 -999.00
 -999.00 -999.00 -999.00 -999.00 -999.00 -999.00 -999.00 -999.00 -999.00 -999.00
 -999.00 -999.00 -999.00 -999.00 -999.00 -999.00 -999.00 -999.00 -999.00 -999.00
           0           0           0           0           0           0           0           0           0           0           0           0           0           0           0           0           0           0           0           0
